 XF =   0.000 - XG =   0.000
 YF =   0.000 - YG =   0.000
 ZF =  -0.117 - ZG =   0.200
 Displacement =  0.6217858E-01
 Waterplane area =  0.2657204E+00
